========================================
TASK: PAM50  -  vie mar  6 19:37:05 CET 2026
========================================

----------------------------------------
MIL: clam_mil_mb  |  Norm: macenko
Model: /shared/home/jorgarcia/PathBench-MIL/experiments/brca_virchow2_test_pam50_clam_mil_mb/mil/00000-256_128_macenko_virchow2_clam_mil_mb_CrossEntropyLoss_ReLU_Adam_1
----------------------------------------

=== Distribución de predicciones ===
0     368
1      94
2    1009
3     371
4      65

Primeras filas:
                                 slide  y_pred0  y_pred1  y_pred2  y_pred3  y_pred4  y_pred_class y_pred_label
01BR001-0684a407-f446-486d-9160-b483cb 0.674425 0.000140 0.071906 0.133764 0.119766             0            0
01BR001-09b84012-cb83-4c2e-a33b-ebdb1b 0.151939 0.000726 0.234490 0.561889 0.050956             3            3
01BR001-17d55745-4ab3-4a80-a182-af938b 0.419725 0.000992 0.053004 0.493181 0.033099             3            3
01BR001-45196bfe-2f9f-41ff-beea-df78b6 0.434223 0.000198 0.084399 0.128899 0.352282             0            0
01BR001-4ffefc66-d0ba-4a36-b4fa-35bd91 0.004875 0.004413 0.102051 0.002142 0.886520             4            4
01BR001-52216745-06b5-4ac9-b8a8-a6924d 0.810730 0.005538 0.069547 0.058032 0.056153             0            0
01BR001-fe90ef44-d17c-4ff7-877d-2c7fcb 0.830303 0.000050 0.065890 0.065131 0.038625             0            0
01BR008-32269c0c-3ca2-4de1-b314-e9b07c 0.146587 0.001173 0.755547 0.004077 0.092616             2            2
01BR008-352b41b1-f229-45ff-8a6f-fc1e83 0.851908 0.009131 0.030558 0.046061 0.062342             0            0
01BR008-6c59aee1-e310-476f-a15f-d42cb0 0.059139 0.002204 0.222450 0.008945 0.707263             4            4

============================================================
Dataset: cptac  |  slides: 387  |  accuracy: 0.587
============================================================

Confusion Matrix (filas=real, columnas=predicho):
      0(0)  1(1)  2(2)  3(3)  4(4)
0(0)    74     0     8    12    23
1(1)    11     0    16     6     6
2(2)     7     0   128    28    11
3(3)     7     0    13    22     2
4(4)     1     0     7     2     3

Normalizada por fila (recall):
      0(0)  1(1)  2(2)  3(3)  4(4)
0(0)  0.63   0.0  0.07  0.10  0.20
1(1)  0.28   0.0  0.41  0.15  0.15
2(2)  0.04   0.0  0.74  0.16  0.06
3(3)  0.16   0.0  0.30  0.50  0.05
4(4)  0.08   0.0  0.54  0.15  0.23

Classification Report:
              precision    recall  f1-score   support

        0(0)      0.740     0.632     0.682       117
        1(1)      0.000     0.000     0.000        39
        2(2)      0.744     0.736     0.740       174
        3(3)      0.314     0.500     0.386        44
        4(4)      0.067     0.231     0.103        13

    accuracy                          0.587       387
   macro avg      0.373     0.420     0.382       387
weighted avg      0.596     0.587     0.586       387

PR-AUC por clase:
  0(0): 0.775
  1(1): 0.284
  2(2): 0.801
  3(3): 0.376
  4(4): 0.052
PR-AUC macro: 0.458

============================================================
Dataset: tcga  |  slides: 1520  |  accuracy: 0.886
============================================================

Confusion Matrix (filas=real, columnas=predicho):
      0(0)  1(1)  2(2)  3(3)  4(4)
0(0)   250     2     3     4     2
1(1)     4    82    12    20     0
2(2)     3     4   752    32     0
3(3)     6     3    48   244     0
4(4)     5     3    22     1    18

Normalizada por fila (recall):
      0(0)  1(1)  2(2)  3(3)  4(4)
0(0)  0.96  0.01  0.01  0.02  0.01
1(1)  0.03  0.69  0.10  0.17  0.00
2(2)  0.00  0.01  0.95  0.04  0.00
3(3)  0.02  0.01  0.16  0.81  0.00
4(4)  0.10  0.06  0.45  0.02  0.37

Classification Report:
              precision    recall  f1-score   support

        0(0)      0.933     0.958     0.945       261
        1(1)      0.872     0.695     0.774       118
        2(2)      0.898     0.951     0.924       791
        3(3)      0.811     0.811     0.811       301
        4(4)      0.900     0.367     0.522        49

    accuracy                          0.886      1520
   macro avg      0.883     0.756     0.795      1520
weighted avg      0.885     0.886     0.880      1520

PR-AUC por clase:
  0(0): 0.984
  1(1): 0.870
  2(2): 0.976
  3(3): 0.882
  4(4): 0.789
PR-AUC macro: 0.900


----------------------------------------
MIL: clam_mil_mb  |  Norm: none
Model: /shared/home/jorgarcia/PathBench-MIL/experiments/brca_virchow2_test_pam50_clam_mil_mb/mil/00001-256_128_none_virchow2_clam_mil_mb_CrossEntropyLoss_ReLU_Adam_1
----------------------------------------

=== Distribución de predicciones ===
0     353
1      76
2    1218
3     252
4       8

Primeras filas:
                                 slide  y_pred0  y_pred1  y_pred2  y_pred3  y_pred4  y_pred_class y_pred_label
01BR001-0684a407-f446-486d-9160-b483cb 0.503885 0.003554 0.320118 0.161035 0.011408             0            0
01BR001-09b84012-cb83-4c2e-a33b-ebdb1b 0.202769 0.016363 0.450678 0.319406 0.010784             2            2
01BR001-17d55745-4ab3-4a80-a182-af938b 0.367555 0.018088 0.287139 0.314501 0.012717             0            0
01BR001-45196bfe-2f9f-41ff-beea-df78b6 0.357697 0.008389 0.314909 0.296340 0.022665             0            0
01BR001-4ffefc66-d0ba-4a36-b4fa-35bd91 0.027899 0.005329 0.791903 0.021618 0.153250             2            2
01BR001-52216745-06b5-4ac9-b8a8-a6924d 0.593883 0.002763 0.340321 0.034242 0.028790             0            0
01BR001-fe90ef44-d17c-4ff7-877d-2c7fcb 0.523351 0.002678 0.310053 0.154077 0.009841             0            0
01BR008-32269c0c-3ca2-4de1-b314-e9b07c 0.272978 0.000662 0.635368 0.004260 0.086732             2            2
01BR008-352b41b1-f229-45ff-8a6f-fc1e83 0.836822 0.005277 0.076601 0.042485 0.038815             0            0
01BR008-6c59aee1-e310-476f-a15f-d42cb0 0.359154 0.006111 0.357818 0.036976 0.239941             0            0

============================================================
Dataset: cptac  |  slides: 387  |  accuracy: 0.630
============================================================

Confusion Matrix (filas=real, columnas=predicho):
      0(0)  1(1)  2(2)  3(3)  4(4)
0(0)    71     0    40     6     0
1(1)     8     0    30     1     0
2(2)     3     0   167     3     1
3(3)     2     0    36     6     0
4(4)     4     0     9     0     0

Normalizada por fila (recall):
      0(0)  1(1)  2(2)  3(3)  4(4)
0(0)  0.61   0.0  0.34  0.05  0.00
1(1)  0.21   0.0  0.77  0.03  0.00
2(2)  0.02   0.0  0.96  0.02  0.01
3(3)  0.05   0.0  0.82  0.14  0.00
4(4)  0.31   0.0  0.69  0.00  0.00

Classification Report:
              precision    recall  f1-score   support

        0(0)      0.807     0.607     0.693       117
        1(1)      0.000     0.000     0.000        39
        2(2)      0.592     0.960     0.732       174
        3(3)      0.375     0.136     0.200        44
        4(4)      0.000     0.000     0.000        13

    accuracy                          0.630       387
   macro avg      0.355     0.341     0.325       387
weighted avg      0.553     0.630     0.561       387

PR-AUC por clase:
  0(0): 0.809
  1(1): 0.267
  2(2): 0.821
  3(3): 0.354
  4(4): 0.046
PR-AUC macro: 0.460

============================================================
Dataset: tcga  |  slides: 1520  |  accuracy: 0.791
============================================================

Confusion Matrix (filas=real, columnas=predicho):
      0(0)  1(1)  2(2)  3(3)  4(4)
0(0)   224     5    22     8     2
1(1)    18    58    22    20     0
2(2)     5     3   747    36     0
3(3)    13     7   112   169     0
4(4)     5     3    33     3     5

Normalizada por fila (recall):
      0(0)  1(1)  2(2)  3(3)  4(4)
0(0)  0.86  0.02  0.08  0.03  0.01
1(1)  0.15  0.49  0.19  0.17  0.00
2(2)  0.01  0.00  0.94  0.05  0.00
3(3)  0.04  0.02  0.37  0.56  0.00
4(4)  0.10  0.06  0.67  0.06  0.10

Classification Report:
              precision    recall  f1-score   support

        0(0)      0.845     0.858     0.852       261
        1(1)      0.763     0.492     0.598       118
        2(2)      0.798     0.944     0.865       791
        3(3)      0.716     0.561     0.629       301
        4(4)      0.714     0.102     0.179        49

    accuracy                          0.791      1520
   macro avg      0.767     0.592     0.625      1520
weighted avg      0.785     0.791     0.773      1520

PR-AUC por clase:
  0(0): 0.930
  1(1): 0.685
  2(2): 0.936
  3(3): 0.737
  4(4): 0.462
PR-AUC macro: 0.750


----------------------------------------
MIL: dsmil  |  Norm: macenko
Model: /shared/home/jorgarcia/PathBench-MIL/experiments/brca_virchow2_test_pam50_dsmil/mil/00000-256_128_macenko_virchow2_dsmil_CrossEntropyLoss_ReLU_Adam_1
----------------------------------------

=== Distribución de predicciones ===
0     459
1      83
2    1168
3     174
4      23

Primeras filas:
                                 slide  y_pred0  y_pred1      y_pred2  y_pred3  y_pred4  y_pred_class y_pred_label
01BR001-0684a407-f446-486d-9160-b483cb 0.997963 0.000012 3.517744e-08 0.000058 0.001967             0            0
01BR001-09b84012-cb83-4c2e-a33b-ebdb1b 0.222282 0.082183 1.736676e-01 0.493680 0.028188             3            3
01BR001-17d55745-4ab3-4a80-a182-af938b 0.733355 0.063825 7.835658e-03 0.143862 0.051122             0            0
01BR001-45196bfe-2f9f-41ff-beea-df78b6 0.834216 0.020095 5.876732e-03 0.045072 0.094740             0            0
01BR001-4ffefc66-d0ba-4a36-b4fa-35bd91 0.419326 0.008109 4.483662e-01 0.000066 0.124133             2            2
01BR001-52216745-06b5-4ac9-b8a8-a6924d 0.999537 0.000009 2.285984e-06 0.000040 0.000412             0            0
01BR001-fe90ef44-d17c-4ff7-877d-2c7fcb 0.994344 0.000040 1.428720e-05 0.000536 0.005066             0            0
01BR008-32269c0c-3ca2-4de1-b314-e9b07c 0.718049 0.000852 9.784114e-02 0.000078 0.183179             0            0
01BR008-352b41b1-f229-45ff-8a6f-fc1e83 0.998219 0.000056 3.145303e-05 0.000061 0.001633             0            0
01BR008-6c59aee1-e310-476f-a15f-d42cb0 0.553127 0.001697 2.895173e-01 0.000108 0.155550             0            0

============================================================
Dataset: cptac  |  slides: 387  |  accuracy: 0.628
============================================================

Confusion Matrix (filas=real, columnas=predicho):
      0(0)  1(1)  2(2)  3(3)  4(4)
0(0)    92     0    24     1     0
1(1)    16     0    19     0     4
2(2)    22     0   142     5     5
3(3)    13     0    23     7     1
4(4)     5     0     6     0     2

Normalizada por fila (recall):
      0(0)  1(1)  2(2)  3(3)  4(4)
0(0)  0.79   0.0  0.21  0.01  0.00
1(1)  0.41   0.0  0.49  0.00  0.10
2(2)  0.13   0.0  0.82  0.03  0.03
3(3)  0.30   0.0  0.52  0.16  0.02
4(4)  0.38   0.0  0.46  0.00  0.15

Classification Report:
              precision    recall  f1-score   support

        0(0)      0.622     0.786     0.694       117
        1(1)      0.000     0.000     0.000        39
        2(2)      0.664     0.816     0.732       174
        3(3)      0.538     0.159     0.246        44
        4(4)      0.167     0.154     0.160        13

    accuracy                          0.628       387
   macro avg      0.398     0.383     0.366       387
weighted avg      0.553     0.628     0.572       387

PR-AUC por clase:
  0(0): 0.752
  1(1): 0.176
  2(2): 0.783
  3(3): 0.341
  4(4): 0.175
PR-AUC macro: 0.445

============================================================
Dataset: tcga  |  slides: 1520  |  accuracy: 0.747
============================================================

Confusion Matrix (filas=real, columnas=predicho):
      0(0)  1(1)  2(2)  3(3)  4(4)
0(0)   226     6    18     9     2
1(1)    27    52    27    12     0
2(2)    15    11   737    26     2
3(3)    40    10   138   113     0
4(4)     3     4    34     1     7

Normalizada por fila (recall):
      0(0)  1(1)  2(2)  3(3)  4(4)
0(0)  0.87  0.02  0.07  0.03  0.01
1(1)  0.23  0.44  0.23  0.10  0.00
2(2)  0.02  0.01  0.93  0.03  0.00
3(3)  0.13  0.03  0.46  0.38  0.00
4(4)  0.06  0.08  0.69  0.02  0.14

Classification Report:
              precision    recall  f1-score   support

        0(0)      0.727     0.866     0.790       261
        1(1)      0.627     0.441     0.517       118
        2(2)      0.773     0.932     0.845       791
        3(3)      0.702     0.375     0.489       301
        4(4)      0.636     0.143     0.233        49

    accuracy                          0.747      1520
   macro avg      0.693     0.551     0.575      1520
weighted avg      0.735     0.747     0.720      1520

PR-AUC por clase:
  0(0): 0.896
  1(1): 0.604
  2(2): 0.919
  3(3): 0.647
  4(4): 0.357
PR-AUC macro: 0.684


----------------------------------------
MIL: dsmil  |  Norm: none
Model: /shared/home/jorgarcia/PathBench-MIL/experiments/brca_virchow2_test_pam50_dsmil/mil/00001-256_128_none_virchow2_dsmil_CrossEntropyLoss_ReLU_Adam_1
----------------------------------------

=== Distribución de predicciones ===
0     408
1      79
2    1111
3     271
4      38

Primeras filas:
                                 slide  y_pred0  y_pred1  y_pred2  y_pred3  y_pred4  y_pred_class y_pred_label
01BR001-0684a407-f446-486d-9160-b483cb 0.844023 0.000445 0.004571 0.063155 0.087805             0            0
01BR001-09b84012-cb83-4c2e-a33b-ebdb1b 0.386677 0.033757 0.100908 0.286624 0.192035             0            0
01BR001-17d55745-4ab3-4a80-a182-af938b 0.901052 0.008357 0.000648 0.019287 0.070656             0            0
01BR001-45196bfe-2f9f-41ff-beea-df78b6 0.454865 0.006193 0.104037 0.115001 0.319903             0            0
01BR001-4ffefc66-d0ba-4a36-b4fa-35bd91 0.014440 0.003364 0.888186 0.000832 0.093178             2            2
01BR001-52216745-06b5-4ac9-b8a8-a6924d 0.878079 0.001025 0.004343 0.003518 0.113035             0            0
01BR001-fe90ef44-d17c-4ff7-877d-2c7fcb 0.936323 0.000089 0.000341 0.019429 0.043818             0            0
01BR008-32269c0c-3ca2-4de1-b314-e9b07c 0.052825 0.000020 0.133107 0.000012 0.814036             4            4
01BR008-352b41b1-f229-45ff-8a6f-fc1e83 0.424427 0.001237 0.002300 0.002249 0.569787             4            4
01BR008-6c59aee1-e310-476f-a15f-d42cb0 0.248516 0.000750 0.012465 0.000519 0.737749             4            4

============================================================
Dataset: cptac  |  slides: 387  |  accuracy: 0.605
============================================================

Confusion Matrix (filas=real, columnas=predicho):
      0(0)  1(1)  2(2)  3(3)  4(4)
0(0)    69     0    29     7    12
1(1)    12     0    23     0     4
2(2)     9     0   156     7     2
3(3)     6     0    30     8     0
4(4)     5     0     7     0     1

Normalizada por fila (recall):
      0(0)  1(1)  2(2)  3(3)  4(4)
0(0)  0.59   0.0  0.25  0.06  0.10
1(1)  0.31   0.0  0.59  0.00  0.10
2(2)  0.05   0.0  0.90  0.04  0.01
3(3)  0.14   0.0  0.68  0.18  0.00
4(4)  0.38   0.0  0.54  0.00  0.08

Classification Report:
              precision    recall  f1-score   support

        0(0)      0.683     0.590     0.633       117
        1(1)      0.000     0.000     0.000        39
        2(2)      0.637     0.897     0.745       174
        3(3)      0.364     0.182     0.242        44
        4(4)      0.053     0.077     0.062        13

    accuracy                          0.605       387
   macro avg      0.347     0.349     0.337       387
weighted avg      0.536     0.605     0.556       387

PR-AUC por clase:
  0(0): 0.720
  1(1): 0.201
  2(2): 0.789
  3(3): 0.324
  4(4): 0.051
PR-AUC macro: 0.417

============================================================
Dataset: tcga  |  slides: 1520  |  accuracy: 0.776
============================================================

Confusion Matrix (filas=real, columnas=predicho):
      0(0)  1(1)  2(2)  3(3)  4(4)
0(0)   234     3    14     9     1
1(1)    32    53    14    19     0
2(2)     7    11   714    54     5
3(3)    30     9    94   167     1
4(4)     4     3    30     0    12

Normalizada por fila (recall):
      0(0)  1(1)  2(2)  3(3)  4(4)
0(0)  0.90  0.01  0.05  0.03  0.00
1(1)  0.27  0.45  0.12  0.16  0.00
2(2)  0.01  0.01  0.90  0.07  0.01
3(3)  0.10  0.03  0.31  0.55  0.00
4(4)  0.08  0.06  0.61  0.00  0.24

Classification Report:
              precision    recall  f1-score   support

        0(0)      0.762     0.897     0.824       261
        1(1)      0.671     0.449     0.538       118
        2(2)      0.824     0.903     0.862       791
        3(3)      0.671     0.555     0.607       301
        4(4)      0.632     0.245     0.353        49

    accuracy                          0.776      1520
   macro avg      0.712     0.610     0.637      1520
weighted avg      0.765     0.776     0.763      1520

PR-AUC por clase:
  0(0): 0.893
  1(1): 0.611
  2(2): 0.924
  3(3): 0.684
  4(4): 0.386
PR-AUC macro: 0.699


----------------------------------------
MIL: transmil  |  Norm: macenko
Model: /shared/home/jorgarcia/PathBench-MIL/experiments/brca_virchow2_test_pam50_transmil/mil/00000-256_128_macenko_virchow2_transmil_CrossEntropyLoss_ReLU_Adam_1
----------------------------------------

=== Distribución de predicciones ===
0    347
1     97
2    978
3    352
4    133

Primeras filas:
                                 slide  y_pred0  y_pred1  y_pred2  y_pred3  y_pred4  y_pred_class y_pred_label
01BR001-0684a407-f446-486d-9160-b483cb 0.792099 0.000017 0.000769 0.005529 0.201585             0            0
01BR001-09b84012-cb83-4c2e-a33b-ebdb1b 0.004908 0.000027 0.052554 0.847026 0.095485             3            3
01BR001-17d55745-4ab3-4a80-a182-af938b 0.302631 0.000242 0.008948 0.465067 0.223112             3            3
01BR001-45196bfe-2f9f-41ff-beea-df78b6 0.056165 0.000023 0.069482 0.170611 0.703719             4            4
01BR001-4ffefc66-d0ba-4a36-b4fa-35bd91 0.013646 0.000072 0.038351 0.000202 0.947729             4            4
01BR001-52216745-06b5-4ac9-b8a8-a6924d 0.693482 0.000026 0.004236 0.001709 0.300548             0            0
01BR001-fe90ef44-d17c-4ff7-877d-2c7fcb 0.815071 0.000015 0.001268 0.004695 0.178951             0            0
01BR008-32269c0c-3ca2-4de1-b314-e9b07c 0.841700 0.000012 0.004515 0.000126 0.153648             0            0
01BR008-352b41b1-f229-45ff-8a6f-fc1e83 0.946499 0.000047 0.002111 0.004470 0.046872             0            0
01BR008-6c59aee1-e310-476f-a15f-d42cb0 0.056678 0.000017 0.026256 0.000218 0.916831             4            4

============================================================
Dataset: cptac  |  slides: 387  |  accuracy: 0.561
============================================================

Confusion Matrix (filas=real, columnas=predicho):
      0(0)  1(1)  2(2)  3(3)  4(4)
0(0)    75     0     4     6    32
1(1)     4     0    20     2    13
2(2)     3     0   125    13    33
3(3)     2     0    24    13     5
4(4)     3     0     5     1     4

Normalizada por fila (recall):
      0(0)  1(1)  2(2)  3(3)  4(4)
0(0)  0.64   0.0  0.03  0.05  0.27
1(1)  0.10   0.0  0.51  0.05  0.33
2(2)  0.02   0.0  0.72  0.07  0.19
3(3)  0.05   0.0  0.55  0.30  0.11
4(4)  0.23   0.0  0.38  0.08  0.31

Classification Report:
              precision    recall  f1-score   support

        0(0)      0.862     0.641     0.735       117
        1(1)      0.000     0.000     0.000        39
        2(2)      0.702     0.718     0.710       174
        3(3)      0.371     0.295     0.329        44
        4(4)      0.046     0.308     0.080        13

    accuracy                          0.561       387
   macro avg      0.396     0.393     0.371       387
weighted avg      0.620     0.561     0.582       387

PR-AUC por clase:
  0(0): 0.871
  1(1): 0.161
  2(2): 0.820
  3(3): 0.309
  4(4): 0.078
PR-AUC macro: 0.448

============================================================
Dataset: tcga  |  slides: 1520  |  accuracy: 0.921
============================================================

Confusion Matrix (filas=real, columnas=predicho):
      0(0)  1(1)  2(2)  3(3)  4(4)
0(0)   249     2     3     7     0
1(1)     5    90     7    16     0
2(2)     2     0   755    32     2
3(3)     3     3    33   262     0
4(4)     1     2     2     0    44

Normalizada por fila (recall):
      0(0)  1(1)  2(2)  3(3)  4(4)
0(0)  0.95  0.01  0.01  0.03   0.0
1(1)  0.04  0.76  0.06  0.14   0.0
2(2)  0.00  0.00  0.95  0.04   0.0
3(3)  0.01  0.01  0.11  0.87   0.0
4(4)  0.02  0.04  0.04  0.00   0.9

Classification Report:
              precision    recall  f1-score   support

        0(0)      0.958     0.954     0.956       261
        1(1)      0.928     0.763     0.837       118
        2(2)      0.944     0.954     0.949       791
        3(3)      0.826     0.870     0.848       301
        4(4)      0.957     0.898     0.926        49

    accuracy                          0.921      1520
   macro avg      0.922     0.888     0.903      1520
weighted avg      0.922     0.921     0.921      1520

PR-AUC por clase:
  0(0): 0.987
  1(1): 0.921
  2(2): 0.979
  3(3): 0.921
  4(4): 0.946
PR-AUC macro: 0.951


----------------------------------------
MIL: transmil  |  Norm: none
Model: /shared/home/jorgarcia/PathBench-MIL/experiments/brca_virchow2_test_pam50_transmil/mil/00001-256_128_none_virchow2_transmil_CrossEntropyLoss_ReLU_Adam_1
----------------------------------------

=== Distribución de predicciones ===
0    380
1    108
2    988
3    358
4     73

Primeras filas:
                                 slide  y_pred0  y_pred1  y_pred2  y_pred3  y_pred4  y_pred_class y_pred_label
01BR001-0684a407-f446-486d-9160-b483cb 0.551107 0.000012 0.010521 0.001368 0.436993             0            0
01BR001-09b84012-cb83-4c2e-a33b-ebdb1b 0.034854 0.000014 0.155514 0.798184 0.011434             3            3
01BR001-17d55745-4ab3-4a80-a182-af938b 0.775735 0.000037 0.013113 0.191435 0.019680             0            0
01BR001-45196bfe-2f9f-41ff-beea-df78b6 0.182606 0.000016 0.396038 0.021833 0.399506             4            4
01BR001-4ffefc66-d0ba-4a36-b4fa-35bd91 0.409475 0.000067 0.006703 0.000155 0.583600             4            4
01BR001-52216745-06b5-4ac9-b8a8-a6924d 0.930188 0.000019 0.000947 0.000059 0.068787             0            0
01BR001-fe90ef44-d17c-4ff7-877d-2c7fcb 0.686453 0.000009 0.006339 0.002508 0.304692             0            0
01BR008-32269c0c-3ca2-4de1-b314-e9b07c 0.572567 0.000075 0.072003 0.000027 0.355327             0            0
01BR008-352b41b1-f229-45ff-8a6f-fc1e83 0.984184 0.000017 0.000106 0.000133 0.015561             0            0
01BR008-6c59aee1-e310-476f-a15f-d42cb0 0.692221 0.000051 0.001172 0.000052 0.306503             0            0

============================================================
Dataset: cptac  |  slides: 387  |  accuracy: 0.636
============================================================

Confusion Matrix (filas=real, columnas=predicho):
      0(0)  1(1)  2(2)  3(3)  4(4)
0(0)    88     0     6    11    12
1(1)    14     0    19     3     3
2(2)    10     0   143    11    10
3(3)     3     0    27    13     1
4(4)     6     0     5     0     2

Normalizada por fila (recall):
      0(0)  1(1)  2(2)  3(3)  4(4)
0(0)  0.75   0.0  0.05  0.09  0.10
1(1)  0.36   0.0  0.49  0.08  0.08
2(2)  0.06   0.0  0.82  0.06  0.06
3(3)  0.07   0.0  0.61  0.30  0.02
4(4)  0.46   0.0  0.38  0.00  0.15

Classification Report:
              precision    recall  f1-score   support

        0(0)      0.727     0.752     0.739       117
        1(1)      0.000     0.000     0.000        39
        2(2)      0.715     0.822     0.765       174
        3(3)      0.342     0.295     0.317        44
        4(4)      0.071     0.154     0.098        13

    accuracy                          0.636       387
   macro avg      0.371     0.405     0.384       387
weighted avg      0.583     0.636     0.607       387

PR-AUC por clase:
  0(0): 0.784
  1(1): 0.183
  2(2): 0.797
  3(3): 0.315
  4(4): 0.069
PR-AUC macro: 0.430

============================================================
Dataset: tcga  |  slides: 1520  |  accuracy: 0.948
============================================================

Confusion Matrix (filas=real, columnas=predicho):
      0(0)  1(1)  2(2)  3(3)  4(4)
0(0)   252     2     1     6     0
1(1)     3   103     3     9     0
2(2)     1     0   763    25     2
3(3)     1     1    19   280     0
4(4)     2     2     2     0    43

Normalizada por fila (recall):
      0(0)  1(1)  2(2)  3(3)  4(4)
0(0)  0.97  0.01  0.00  0.02  0.00
1(1)  0.03  0.87  0.03  0.08  0.00
2(2)  0.00  0.00  0.96  0.03  0.00
3(3)  0.00  0.00  0.06  0.93  0.00
4(4)  0.04  0.04  0.04  0.00  0.88

Classification Report:
              precision    recall  f1-score   support

        0(0)      0.973     0.966     0.969       261
        1(1)      0.954     0.873     0.912       118
        2(2)      0.968     0.965     0.966       791
        3(3)      0.875     0.930     0.902       301
        4(4)      0.956     0.878     0.915        49

    accuracy                          0.948      1520
   macro avg      0.945     0.922     0.933      1520
weighted avg      0.949     0.948     0.948      1520

PR-AUC por clase:
  0(0): 0.985
  1(1): 0.923
  2(2): 0.991
  3(3): 0.952
  4(4): 0.953
PR-AUC macro: 0.961


========================================
DONE: vie mar  6 19:41:16 CET 2026
